3970
3856
3772
975
3645
2445
4571
1733
919
4458
3599
159
3706
577
3197
1190
3482
4131
2452
2443
4311
1864
4380
875
2014
3952
3297
1150
1860
1015
1342
3259
4454
4032
1275
2292
1159
1525
1309
3718
8
2094
3610
2200
116
4466
3082
2450
4210
2278
4120
2003
3821
3376
862
4085
2886
4608
1009
2825
910
1962
2500
4849
742
396
2924
2232
1046
2063
2940
169
3127
1162
1917
1970
2312
2199
362
3097
616
1952
1404
2763
526
1118
2147
3028
108
932
4688
3191
4549
3293
2214
3163
1759
3014
1127
2506
3941
4951
771
2844
1735
3480
1180
4182
2957
1067
4614
3460
3534
3767
2403
594
2764
1464
2176
398
3334
2007
2004
295
3567
2144
3422
2669
3011
3145
2370
4845
1898
70
1222
1555
1802
1321
1887
2855
1039
2464
4013
2971
3823
4099
421
3791
1050
3070
1573
1164
4302
4181
3320
3009
429
161
3325
4515
1268
386
487
2785
2261
4133
4659
2076
301
3675
2470
3425
2362
2917
3795
1870
237
2961
4205
3989
1529
23
929
1625
4818
1966
1949
4574
1355
3725
3474
2614
3112
3653
2372
609
57
3086
158
3092
504
4941
4527
3473
2087
4246
1420
221
2359
3838
2850
4562
1169
4488
2224
3544
447
933
3954
2432
176
1533
3682
1302
2259
3988
3246
1265
545
4157
102
3782
458
2662
1841
1972
4675
3150
2511
711
2664
4017
4681
1331
4254
4547
4618
2180
2138
1040
4983
1082
4372
950
2630
2724
4792
1774
420
1871
1781
1336
788
192
836
729
1987
2114
1104
51
4195
1310
470
832
1648
1114
1553
1136
4918
3056
967
784
4284
4783
4100
2660
2357
867
529
3104
553
2622
2551
36
1583
4412
4773
3185
4147
148
2734
4167
3148
1158
4260
4027
4633
101
900
254
2655
2244
1139
3441
269
1585
114
4340
2346
3861
329
1609
2211
4552
113
4450
4282
4091
3944
3532
4739
2022
3058
4760
1434
4150
182
3077
4540
4474
1325
4197
1649
3847
880
4335
2853
3041
321
851
3335
3449
335
1574
4890
2926
3540
3964
4351
3253
4749
2607
450
2490
1361
2955
3673
4398
1449
2241
1674
3169
2416
4115
760
1895
354
3102
3775
3784
4168
1645
472
2229
457
4171
2635
3111
3215
1230
2829
866
2540
1177
2369
2476
4082
2745
1945
2206
4055
3327
2864
3015
3372
3778
193
2946
2693
2831
1473
595
3450
3984
955
4071
1244
1662
3114
1667
4275
810
3000
565
1554
1993
4199
4643
3238
532
4402
3206
4267
172
3935
813
686
4782
2356
4958
3799
4213
3751
1395
3793
1161
2018
2262
4888
4710
2128
4619
1077
17
3942
4859
2134
2133
3347
2085
3774
1526
2800
946
1826
4816
4546
2307
2827
2354
4314
3479
2532
117
3586
2317
1884
2771
4946
2208
4235
769
2782
4029
822
142
3525
466
4368
4833
4051
3741
1174
2233
4136
4851
417
1415
1914
4754
1994
4083
1201
214
279
2637
2178
4914
2313
2489
4025
1582
2275
3649
283
1938
2626
275
4293
3236
3940
2342
1304
2153
1044
446
4067
3001
3409
3925
2316
3073
1366
3241
3514
493
2752
1026
3759
734
4742
2750
2950
1194
850
2817
2747
1995
2546
4936
3922
352
3695
4735
1373
3217
3885
579
4855
2349
873
3849
3798
4963
2769
4765
3524
4080
2453
2311
3780
4364
2116
1280
1846
496
539
4703
320
2503
4815
567
1480
218
2981
749
311
2177
1386
3101
4600
3339
2665
3815
4347
1505
2422
4756
4110
4732
2990
3937
4993
4669
1358
4040
527
3505
4717
1866
2030
1276
1438
4835
4801
3846
73
227
4303
3783
1563
2488
4244
979
3702
2056
2621
4022
4170
2840
4863
2528
4528
4876
1977
222
1356
4942
1690
2804
50
1707
2598
2968
1318
678
30
4146
452
1322
639
1096
180
4697
4081
2841
985
2858
959
3919
3240
355
4564
233
3826
626
4625
3601
608
1601
3365
1507
483
754
1671
1797
2421
3918
4887
972
229
123
876
3446
1
3728
4691
3195
1599
3602
1186
4118
1079
2041
2936
1089
1514
60
3048
687
1402
4548
878
3562
2322
454
4684
4374
1237
3138
4595
4499
4163
2837
719
693
4860
71
4747
4179
4019
4464
2048
3802
367
315
1861
2505
3379
3556
2839
2057
1417
1058
1249
2805
3202
2969
1327
606
1723
3895
1031
409
1333
189
4525
1495
3349
513
4138
3200
4852
2580
3889
4047
4586
1390
2161
663
2613
3876
2894
4954
4334
657
1295
735
207
3117
1293
3604
1422
774
4401
4830
4349
2720
1656
2930
4712
2040
521
1029
3155
1083
486
2479
2186
2925
2223
4512
3842
2641
165
1782
1469
2028
290
4252
3302
2589
2084
2328
465
2096
2931
3742
1664
682
322
1238
2653
482
3326
3897
3288
4381
3318
170
1038
4196
115
3627
4360
2583
1558
2069
1189
2652
2861
2226
2123
3886
3848
1284
725
540
2383
3090
2916
4937
4687
1559
2872
3273
1274
503
3976
612
4004
756
3592
2895
4707
4679
758
2983
3833
4367
3571
2438
3679
1285
3863
4617
4536
4828
2245
2239
4884
3237
845
1461
2377
708
3208
4296
4649
130
3902
4333
1388
1204
2658
3949
430
4309
29
1546
3490
4944
3348
2544
2725
3636
3663
1741
3764
1851
3269
4154
125
3623
1408
435
106
2694
1946
1014
4694
3003
1569
4301
403
3429
1775
4563
1370
1787
4866
2619
558
2608
4635
3438
723
3426
2319
2897
4590
2871
4904
196
4257
882
2974
1252
1069
1297
713
2277
434
4063
2431
554
4652
4995
3196
3105
105
225
1457
1351
2889
284
4929
415
3147
4534
2923
2400
776
3180
1446
1595
3437
3084
838
597
2856
4385
35
4270
2666
1047
1459
3841
542
2910
3670
4313
306
3444
492
1369
3529
4949
4214
4716
3789
4807
3959
3194
857
1862
3487
382
3648
4881
3432
2594
2643
3468
897
1890
4327
4426
3854
1763
336
2293
1863
2026
4362
2893
7
4959
1251
974
3304
3329
1963
710
3684
4018
2828
2035
3187
4576
4902
3858
4685
364
1210
4730
3254
4103
3182
2920
1940
680
4706
1272
2796
1706
4736
3478
3554
4520
2579
583
4459
99
4847
1018
1045
61
3369
1637
4808
194
4517
4382
3228
4295
1101
4933
2135
2031
3342
2912
1571
390
1979
2668
1128
2053
3845
4274
4558
1619
3811
1017
65
58
96
2648
2610
3796
3312
523
4387
4232
3839
3458
2998
2562
4858
4460
551
1773
2799
4968
2922
3106
665
278
1065
4140
674
2337
4975
4607
2877
2210
4231
762
1167
4337
1521
1437
3087
4227
1051
4269
658
2644
1734
369
325
3734
442
2898
2631
3025
4622
4906
938
4785
485
1203
464
1511
3537
1811
4116
1362
3380
1572
3583
1920
733
3521
944
2097
2252
4882
4320
1703
737
559
856
2248
3850
3498
3511
909
4001
4813
1726
1523
4310
1264
4348
1580
2010
4478
888
1207
4872
927
643
4539
3135
4289
1149
902
1900
4886
419
2702
3899
2776
3870
576
3884
3917
1581
4810
3690
3283
3569
2068
2676
2815
2834
205
3972
1075
1221
2760
1785
62
4321
3755
56
3368
3530
74
2015
3973
4185
2188
16
818
2151
3598
2460
1600
3149
500
2701
1281
835
489
4388
224
4988
3384
3714
4598
2393
4413
4784
4190
1489
1261
2309
2935
2448
1885
3308
4394
3247
2565
4072
4212
333
1497
961
1255
634
4217
4593
1877
4139
4714
928
2380
270
1705
3804
598
2216
3484
1805
4435
4127
4660
163
2688
3495
3867
675
1363
2781
1915
4135
4647
1536
4033
4654
3491
2513
2167
3378
4434
4038
2624
494
1025
3231
4239
3731
266
607
1744
2508
3890
3136
366
917
3404
4898
3687
518
4048
4422
2237
1561
712
2271
1316
3093
3013
1303
4875
2371
4938
645
4406
2964
4861
4113
996
4456
2656
3016
3939
1035
357
4945
34
2409
2777
1465
4604
85
2341
4229
2073
277
1476
2310
1983
4074
2689
2671
2375
4569
4491
3692
3100
3829
2636
197
4200
2934
3109
3746
2286
405
2638
4821
2411
726
3451
1197
3916
1678
1815
4667
3107
4883
561
4639
3324
4556
4204
4134
3763
2883
4917
1631
1669
3295
3033
3230
2182
1482
921
33
3037
4230
4786
1960
923
3249
706
2419
4145
1927
1490
3644
2263
1008
722
814
1426
3643
1858
1610
359
986
2366
2519
3410
1886
3069
4383
1013
2595
479
4638
1974
1932
670
890
4521
66
1929
3735
48
3344
2160
1183
1097
1584
837
993
2154
4509
3330
2713
4518
4189
2558
3130
4668
2181
258
4939
2217
2531
2126
80
1986
2808
1445
2150
4970
4
3219
2212
4279
3739
181
1494
1208
314
257
2282
2966
3805
2141
1604
692
3209
2495
965
1757
488
763
2207
351
4780
4893
1955
118
2987
2083
4159
4868
132
3553
2042
10
3737
4752
3722
4286
4853
1409
1416
3513
2726
3420
414
1367
1545
3416
1181
2921
2649
4028
3831
809
3121
476
1131
2600
717
1566
4538
308
4119
289
140
375
2394
4603
3913
1259
2739
3921
3353
26
3606
3965
368
1847
4069
1516
817
1937
4389
3531
3566
3401
5000
3512
3243
831
3223
3671
2326
3004
3080
4530
1647
276
2143
2572
3214
4377
3844
1639
3726
991
1245
3049
2449
761
2291
3224
1692
3059
1299
1603
2515
340
3630
3263
4630
820
2051
2300
4759
3971
2811
1552
2563
954
755
3810
2074
4046
3625
2560
1512
167
1247
2717
2838
3536
2995
4610
2909
2412
1961
4709
502
3395
973
2454
1172
1407
3210
1923
1956
2127
738
1360
673
2566
773
4379
53
463
2129
4665
4900
501
4841
40
4198
3868
4249
899
953
1813
3128
718
2548
1220
2266
300
2797
3813
3328
2826
1651
4579
2680
4053
2587
1524
3313
4989
4399
1138
4410
1277
767
3618
1872
3118
3696
3496
2012
1381
3686
1539
3357
3788
2401
3730
2417
341
5
3719
22
360
1060
4700
2714
811
249
3545
89
3652
3891
4453
4962
408
4128
2253
391
1550
803
2120
100
2227
2927
4511
199
4825
3834
1853
2113
844
3140
1059
2708
3386
2201
3066
1269
2768
190
1154
1567
4541
2034
3579
3466
4061
2646
3744
4369
2423
1718
3830
3582
672
552
4871
2642
2960
3773
4447
93
4288
787
3081
2885
4148
3366
317
4672
4758
1102
3079
2494
3605
1502
3982
1250
4375
2952
3440
3864
798
407
676
1586
4531
1942
79
3560
4775
623
1924
792
2001
1803
1795
1965
385
3137
2522
1724
327
510
3911
262
188
3405
1670
4263
1135
1036
3616
943
2008
402
216
3699
1743
781
1818
4161
3816
43
1638
3754
2016
772
4285
1080
75
1137
1198
2279
2436
1283
2054
1831
4201
1700
2444
1675
1728
636
4162
2882
3017
528
3382
2999
960
4723
3721
3633
746
2405
3794
3733
1772
1697
436
1978
4496
2568
1844
4265
569
3245
3651
389
1093
467
4919
4419
3981
805
1290
915
3991
4042
1596
3417
211
1891
1765
4602
3749
438
4733
2169
1624
1641
3488
1756
2854
3894
548
3256
1821
3678
715
4803
3724
4674
2711
401
3162
3305
201
1471
1745
3179
1042
1307
4720
4744
2332
4656
935
2406
1248
2988
1905
1704
87
828
2122
3947
2835
1614
752
1676
2498
4371
3321
3656
3621
3257
1392
1652
4298
1904
1279
656
2044
1317
175
2970
155
157
4010
3407
870
4862
1746
2361
940
3255
2106
1110
3203
648
1236
3234
1686
3120
1129
3997
4795
2851
1579
3319
4523
1066
4015
3168
4307
2381
2066
757
3591
2975
3882
1344
4952
1481
1739
4506
287
3703
4208
1121
1389
4093
2308
3584
2555
3951
3316
1246
3463
2264
3065
1922
3434
864
826
4425
1156
3279
4407
4395
4323
3190
280
4299
4472
2429
259
2786
1878
4358
1346
1616
2959
1475
2691
638
4778
1881
1827
41
2541
1749
3600
2213
3660
3377
4817
1709
4008
2118
3619
4990
393
2994
411
4913
1602
3421
135
2427
2469
3306
3126
2090
4628
2456
4173
4901
744
309
4432
1769
4457
4376
86
3277
4790
1454
3992
610
618
779
3615
3492
1034
624
2183
1400
1337
1869
2675
2099
437
2896
326
4404
709
3085
982
683
1629
3418
4272
3445
3352
4341
4544
1119
3666
4075
2110
652
2657
4408
2296
3075
922
4978
4819
4624
1456
432
212
1838
1761
4021
1865
4524
2982
2677
2294
4094
633
1950
2611
1187
700
3272
4705
703
2770
3507
1784
4078
1202
2124
3853
3262
4203
4678
4209
1166
3962
1374
2533
4642
2471
3345
892
1223
2142
1840
564
3904
768
459
2766
4251
206
560
1116
3323
2954
2755
1231
1209
302
3622
1401
1537
3943
984
4555
3280
3260
966
1056
4850
536
4620
4566
4596
3152
2112
3704
3538
1452
4772
659
378
3565
4671
3713
2451
244
2020
3975
1517
2728
1691
1635
3516
3785
1632
4354
3309
727
541
3923
3779
3294
4237
2457
3164
1228
81
136
2963
2719
2486
1241
3806
4591
1224
3431
4141
4463
356
3905
3910
1447
2439
3043
3950
1109
2767
2569
2937
4469
3005
1908
3346
3290
4101
2529
4090
3624
2759
2426
4492
2729
4908
2559
121
1001
791
1640
1992
1084
2338
4905
2000
1405
3843
914
3359
1779
4462
4325
4577
1936
4891
3938
45
893
2184
3160
3712
253
2517
1829
2265
1557
3430
2941
1219
1673
2093
2159
3612
3207
1916
3061
1879
1242
1155
2932
3903
239
307
2462
3969
251
143
3170
1483
4322
440
2738
156
4532
1921
3557
1064
345
3439
3979
3331
4431
3634
3244
1341
2849
4799
3769
3936
840
1798
3047
1964
1666
3878
2915
1311
1668
2948
4186
371
1225
2625
138
316
1589
198
1298
3987
3998
1192
3929
1587
431
4867
2705
3462
514
4034
4820
238
3076
2493
1825
2255
1305
4060
4392
4430
3694
1766
3
3067
92
3564
1474
1598
3031
3493
3091
3896
1665
3585
4606
124
1643
2156
4542
4726
129
4192
305
1055
3689
3932
4827
869
4066
2378
3250
871
298
1888
662
1997
3258
2146
1660
2011
3611
802
1377
2410
520
1043
2557
4991
2582
2204
3736
2721
1115
4704
4440
4283
2552
3374
4228
1683
2774
2639
1205
3317
1125
2027
4266
4290
1976
47
1768
1607
4892
3668
782
76
2518
1975
4580
2230
2228
4854
2867
2609
4909
1544
1312
1418
1440
252
1470
4427
3098
346
4560
1522
3391
3542
4317
1153
1004
3980
3765
1011
4498
144
4497
3672
4587
2690
3242
1836
2351
3153
1000
4976
4637
4292
3871
1742
3933
3398
1292
2651
2997
4648
3766
1330
4241
4092
3572
1880
4043
3777
1883
230
1427
4433
2857
728
1713
549
3680
2939
3026
3533
2420
1948
4417
1053
3095
2478
1508
19
4550
994
1644
4800
3220
397
619
28
1720
1364
2847
2575
428
2824
1528
3881
151
2820
313
4202
256
2395
1199
1394
4751
3654
858
4931
859
1747
1688
2570
2187
2472
1140
3022
1488
445
1677
2866
347
2442
2491
2973
4166
358
1088
2404
3632
1959
2006
4342
4065
4834
2674
1146
2617
383
1852
3158
4663
765
2794
1634
1352
3497
183
2339
1918
468
522
1556
3985
2323
977
677
4770
1133
2461
39
4400
3550
4551
4247
3232
2695
4585
1052
886
37
3252
3797
4922
4108
3094
1339
2166
1588
1288
1235
2032
3054
2943
2157
793
1538
3589
462
4757
27
651
4907
903
380
4262
2502
3924
879
1967
4305
2062
3934
3477
2258
4121
4966
964
4158
1658
1712
4482
4935
2009
4105
990
507
14
1792
4326
1876
1384
4316
4390
1196
1073
4411
1048
3201
3642
4273
152
195
2392
2235
1808
2105
2654
1062
854
2107
1722
4998
3570
1894
1682
777
2545
1758
4452
4771
2516
3452
1458
2240
247
3748
2205
2801
133
2795
3574
4829
1823
147
3216
535
934
2590
1939
32
2880
2868
1425
3504
424
2145
2953
4982
2492
956
3723
4597
2536
3708
3875
2633
3758
3007
1627
1451
2942
2327
1406
4567
3178
4701
4609
1212
2284
4689
4415
2535
4692
3956
3993
592
4999
4476
4226
3264
2686
2736
2198
3920
1834
246
3620
2077
1213
778
4561
3837
1152
2251
4601
2561
3442
1030
1684
1560
3133
2718
204
3301
4233
4405
2913
4611
1843
3199
872
4500
3710
1124
572
1338
241
1828
512
3814
3385
2330
260
2434
4493
4329
2842
4848
3154
688
2874
410
4789
4513
4277
1070
764
691
2634
4519
2645
2612
753
3677
2465
3866
1253
2171
1216
2047
3211
2306
1007
1503
3608
4054
1078
2543
4708
1071
3189
3761
4838
4215
3573
4373
3865
2578
4683
3857
120
377
1397
469
4507
2242
4822
3523
4655
2810
1106
668
4012
1854
2907
1002
2863
3173
580
2845
2075
3819
4479
1257
2390
4895
516
384
1547
4869
4677
887
780
3986
4923
2137
4095
1243
3617
4187
4494
1810
3172
15
122
1206
4446
2647
2919
4125
1551
4713
642
4721
134
4489
641
1626
2911
3506
4084
4165
1991
1933
839
681
4011
4616
4545
1590
2706
3581
833
4826
4737
4328
1606
2585
2050
743
1178
2295
1287
240
267
906
2534
1780
4572
3356
2280
720
647
200
575
4268
3267
3177
72
90
1185
2788
1429
1123
4925
3872
1814
4242
1882
1211
2270
4424
4315
1334
2081
1701
2509
1889
4814
3012
1498
1957
4177
3278
1896
2958
4612
1944
3499
2303
3355
339
4336
2836
789
2389
4112
236
2673
4753
4621
2407
4030
2299
976
2485
4788
821
786
1081
3900
3251
3489
1006
2929
1372
3229
4222
3873
2996
2458
1368
3546
3836
400
640
2109
747
1024
1141
3161
4899
4221
2832
2692
819
800
1142
1157
2945
2348
3174
4791
2765
381
1105
3188
2487
4565
603
4023
3517
4793
2901
2542
2716
2121
1072
3968
2989
2139
273
1479
4812
1262
185
2360
2033
2707
2821
3046
2428
2055
2281
2709
3476
392
3639
1623
1698
4144
736
1519
4449
2672
4331
2539
1752
1901
2685
2165
1804
2809
3146
3928
1478
3023
4058
2331
1760
3336
4378
395
3840
4503
2875
3471
537
94
3995
1012
3676
2823
2627
4763
1112
3999
394
4050
3108
2231
2526
3771
620
2814
3587
1541
3603
3575
1833
707
3099
4777
4880
1063
1548
4486
3050
696
2302
495
2023
2806
3502
2071
3669
1424
1568
3198
2350
3790
4776
2446
3227
1319
3062
1999
274
109
1985
1824
815
1653
2681
1902
4420
4338
2441
3159
4129
1907
137
2140
1857
3123
4076
2102
1980
1755
3915
3740
1730
1229
1442
3879
2592
4889
2374
2507
4911
2474
1068
2425
1906
3877
2013
1176
1725
3218
3647
1575
2017
4613
3953
1543
3143
3411
1359
376
1379
2567
1232
970
3415
589
1022
2510
4223
4470
3042
4256
515
2951
1391
2173
4467
1576
2730
243
2273
3268
4719
1654
4176
453
52
1748
2862
2908
1564
2859
2365
823
4485
3781
1441
208
1837
179
2525
3957
3832
1794
4475
3901
4738
2168
1968
3419
4344
2906
799
272
3503
2059
1019
891
581
2879
498
2222
602
4403
3770
3807
338
4437
1732
3948
2382
2218
1628
884
3527
2298
969
1335
1788
2576
4781
1510
1103
4035
3392
3002
895
4972
4224
1953
3275
13
4436
596
153
1412
628
1729
3892
4169
2992
4516
1328
4646
731
741
750
1430
2385
905
2195
3817
1693
2603
4276
3192
2285
68
2194
1005
1699
4805
2860
4568
3110
586
3175
1087
3371
4370
3116
4172
4504
2036
995
4211
2520
1615
3181
2070
1504
1371
4896
544
473
1714
2884
2991
3457
3383
2320
3852
2798
3427
3171
1273
4481
4059
4766
1685
3396
2175
3883
2914
1530
1620
4117
2902
3165
797
4142
4183
1650
896
3119
2318
3646
2876
480
3455
1928
2345
4676
1910
2722
2523
3691
2972
2163
2468
3768
4153
3448
4682
739
2290
2571
3399
4746
4695
4623
297
748
617
3131
3144
2977
2704
3526
2269
1398
184
265
4653
1570
3045
4797
689
4537
2363
1868
3235
3960
3183
590
3500
4188
2297
4111
511
2618
1439
4627
1630
1258
4175
460
3083
2246
4974
4126
4842
4640
3966
406
242
4874
3089
1845
4592
3125
1789
2368
4039
162
4287
962
4755
1715
2780
4271
281
3226
1193
2243
4393
694
1387
4245
2620
1926
4950
2873
2757
971
3996
4219
653
992
3818
2597
1049
1094
3341
294
4836
2556
4870
2334
1893
2379
4451
3977
2869
1897
3332
3287
3483
1835
3475
705
4005
3909
3367
3291
3010
3869
2553
4743
2415
4837
721
1179
3129
3315
2301
3281
3406
145
3738
231
4248
3522
3036
2697
1453
3464
4234
1990
1383
4421
1294
2993
3266
1278
530
4533
853
342
2818
2741
4798
1731
4589
4578
3700
4036
1622
24
3467
684
4992
449
3436
1291
4041
2640
2002
1357
3338
1460
2616
937
2628
3809
2391
3655
664
1151
2650
1618
3472
557
2192
4844
63
1954
4243
3548
1016
3635
444
3167
770
1399
1271
1679
1239
3156
4581
2191
2219
2203
701
4673
4651
3824
585
2976
2890
1874
3494
3908
4894
2376
1365
2550
3812
3539
2751
4130
4143
3019
1122
4727
987
948
2174
3893
422
3974
2944
3593
930
1608
3926
4910
3221
4811
2682
3176
471
1659
4357
4865
3510
2125
2830
3096
3961
2773
2088
3402
1188
2481
150
4324
2865
3859
4724
4750
1969
843
3397
629
1806
3193
593
1214
907
2679
1227
2710
3709
697
3757
2082
3141
3270
1126
426
1790
534
235
650
2833
1710
588
3638
2615
373
2816
4916
3486
3039
4964
4843
1436
1160
2108
4961
1486
4897
2256
3389
632
363
547
1233
3693
4505
724
4948
1215
4259
852
702
3661
908
2822
1687
1935
865
949
4096
1867
3800
4969
1903
4461
4878
1466
614
2467
21
1912
3609
303
1812
3697
255
126
1513
3862
4445
1301
4715
2698
2430
794
3912
1234
3362
898
4439
1324
1982
2527
1849
2980
904
4662
3115
2149
2744
2888
2758
4734
3665
1086
248
2283
2103
2335
941
3233
4106
2170
4442
4943
2684
1444
330
1799
1289
288
1419
399
3057
1753
2731
4632
4985
655
698
3027
1856
2424
4308
4178
3614
704
475
1463
1107
2715
490
1509
4670
4332
745
461
3596
1074
1144
2737
1491
4361
3337
849
215
1719
1467
3590
4877
1468
1702
3299
2463
2761
1010
318
1120
3547
2512
783
128
3381
1740
2783
3113
1332
4261
4132
361
2086
2778
3051
4477
173
1605
4250
2209
1750
3350
3292
524
4386
3271
894
2564
3456
1282
1433
4031
219
3551
478
573
2905
95
2475
4353
1173
2812
2740
3762
571
2903
4956
2870
613
1020
3659
387
1296
2089
4514
4346
1003
4220
630
4856
3752
3029
3543
1892
2402
4809
3822
2530
4448
3747
2900
1930
1130
4423
1448
1432
146
1842
4769
2276
1717
4794
1830
4155
4768
2005
1971
2979
1783
2791
1593
4465
1984
2024
1807
3967
714
4605
1800
968
3535
3443
1113
4114
3637
3052
3613
98
2249
1450
2547
775
4468
2792
4745
2887
4152
2117
4787
925
2046
4343
1958
4529
582
874
4658
187
1326
4631
4297
2021
4218
988
3333
4650
4174
2497
2904
3855
2358
319
3433
1143
2473
3576
4024
78
4629
83
3559
3044
4767
425
936
343
3034
2067
3990
1485
1499
2484
228
2038
3978
4634
4020
59
4832
4312
3020
3388
166
2949
4955
332
3261
1909
1348
825
477
4216
1819
4731
4526
1308
250
519
654
4553
1764
2052
4137
2659
370
3808
2843
591
2891
2289
4501
4690
4471
2687
4940
918
2483
4543
3307
2221
538
304
4238
12
1057
1343
344
4657
3030
2045
1134
3088
2254
348
4987
451
3276
3424
2196
4920
328
3370
3074
4806
3139
2418
4429
4418
1353
671
2321
1313
1496
4052
958
4073
2743
3423
268
3874
4156
2447
4236
4151
3363
1345
91
177
3053
3787
4014
1636
2661
1736
2064
912
2344
1549
1506
4857
989
2408
4304
365
2538
2058
3501
2933
3184
3403
1535
2079
3311
3906
3552
920
1085
3776
842
2347
4070
3064
3580
3640
631
2852
2152
1315
3274
4864
1403
4796
3024
404
1393
568
2025
1515
3927
2172
3664
4626
807
3860
3594
1240
3650
2985
210
77
751
1148
31
2272
4804
3914
1443
1500
4903
337
1737
3801
4356
1435
4352
3485
4253
600
3705
2514
2723
2802
2287
1613
660
1577
601
2749
1621
1801
812
4698
1054
3683
2343
3685
649
983
2623
1899
3213
3898
4184
292
804
605
533
3716
1462
2130
127
509
1716
3071
3743
324
245
1217
646
615
1472
67
2477
2305
3284
20
4318
4915
4957
3032
1145
1694
1531
2696
4924
2049
4774
3558
4438
3715
1941
4441
621
2848
164
531
350
2315
2061
2846
2324
3607
1033
4086
4873
952
1951
296
1597
3303
1163
3212
4502
1839
3413
1350
2501
2459
2155
505
1850
11
830
2962
3563
4557
2373
1911
2793
4986
939
1832
2599
2504
3072
84
3151
1421
1696
1380
801
2803
4839
374
119
9
1455
2304
2396
2606
4397
1347
2091
2179
1184
3508
3707
661
2340
4480
2325
2524
997
525
3727
2984
4583
4359
423
4680
4062
3958
1092
2965
2733
2095
44
3745
695
4641
263
2398
3657
4661
3239
3888
1411
3588
1226
223
1770
334
3055
3205
4977
282
4291
1934
1591
669
264
3631
3578
443
1165
3459
3662
1540
1286
3945
1041
4748
885
1132
168
1695
4582
1492
3907
4984
3786
1848
69
3994
1612
3753
508
112
4026
2336
2632
3509
3930
4932
1817
1661
635
3354
981
2746
3519
1175
1820
4953
149
178
543
107
978
644
3461
2591
3078
4345
448
2437
4416
4594
3827
1534
82
4240
4003
1989
2039
4109
2762
2754
4079
2029
4319
2537
2605
3393
3698
4728
1947
4824
625
1349
3134
2735
740
829
2577
2399
388
2234
1098
1037
1076
4495
2387
3285
2586
1263
3946
1195
1484
2197
3322
916
951
4164
1786
4194
4912
2892
945
97
1376
550
3667
963
1771
4306
2111
1021
3629
203
1218
4699
3792
3688
4559
3803
3204
1487
2878
1477
4057
2938
4711
4573
4599
1413
732
3756
4981
3729
2190
766
1751
2593
4207
2455
4444
2521
4588
2573
931
2604
2775
3469
3132
1988
816
4104
2257
2352
3626
499
3595
4089
4355
1594
2772
3428
4522
4693
3955
3296
2250
2581
1147
1032
1796
4068
4664
3515
2667
103
2700
191
1859
3674
1931
3641
484
4823
2065
4947
1721
517
570
474
1256
999
55
46
699
1809
4045
827
497
1266
4455
2601
4294
2440
1996
3820
3414
4330
4980
2678
2386
323
4473
3528
1998
4414
4258
3887
2260
2435
4300
1776
2699
3300
1099
427
2037
841
3568
3298
1091
49
980
796
957
4928
4802
42
2602
3286
3481
1329
4636
4102
3518
2496
4994
4088
209
3681
4281
1320
1117
291
2136
4885
690
3157
3454
1501
1111
1762
353
88
942
1354
4846
3963
2756
416
141
2414
947
2060
611
4087
2819
578
3351
2115
855
3035
4831
562
202
4960
1323
4384
556
2225
2899
1778
860
3720
4921
4570
4396
3282
2329
3408
1875
2574
4764
2482
2663
3760
506
1168
574
4000
2549
2813
2947
3835
4483
1727
2433
2202
2019
4124
379
824
2162
1267
1170
3658
2584
3186
186
3358
4191
1200
2132
2753
1108
3063
1767
25
2554
785
1270
4973
3412
2466
271
3360
1681
4278
637
2043
217
2353
174
1385
4009
2784
622
491
2314
3373
877
4718
1646
889
1919
2779
3225
3555
1777
3750
847
1023
226
563
1378
1943
2288
4366
234
2100
220
3040
3470
4098
285
3124
4741
848
846
3361
3711
4225
4729
2072
2787
2189
3628
261
2267
998
4264
1182
4996
1518
4409
2978
599
4645
730
1306
160
861
1542
2727
2131
4280
4761
4002
3447
2274
679
1191
3851
54
312
2215
2596
418
3465
2364
863
1711
3520
1090
587
2703
2384
2078
3549
154
1520
3314
3018
4007
372
481
232
4508
4554
3122
3577
1565
1396
2683
110
2748
1382
1592
64
4037
1300
1657
555
1738
18
584
666
1254
3068
2388
759
2119
1816
331
3561
883
2367
6
4160
1672
111
1314
4206
1754
412
868
2355
2247
139
2918
3541
4762
3390
2238
3701
3006
4930
1493
1171
546
3248
1793
1642
2413
1375
4725
3400
2
924
349
1680
4779
1689
299
4180
4997
3008
2928
2742
1027
4363
4365
3394
4696
4350
131
1655
4044
2098
2236
4428
926
4056
4193
4927
1100
3340
4979
3222
901
4149
4722
3038
1340
3387
3880
4391
3310
4122
4644
2148
4965
4584
171
4123
627
456
4107
4615
4077
806
881
2807
1611
2588
4926
1423
1791
566
2164
4097
2193
433
4339
4255
1873
1708
1532
2092
3931
1095
4879
2397
3732
716
413
441
1973
4006
3597
3983
2881
2185
3103
4484
4967
4510
4971
4490
3825
4064
2670
4535
1061
3375
3142
4666
213
911
3021
455
310
3435
1925
2101
1617
4686
1527
2480
1822
1913
1028
808
913
3060
4487
1981
1428
439
2104
4049
2790
3453
795
2629
2080
604
1260
790
4016
4934
1562
2499
3289
104
1633
2712
2956
1414
1663
3166
1855
2967
2789
38
4740
2986
4702
2158
286
3364
3717
2732
3265
2268
2220
1410
1431
3828
4840
685
293
4443
3343
834
2333
1578
4575
667