77
111
317
194
185
94
285
313
128
113
141
43
57
415
25
16
102
197
5
172
76
420
399
418
279
154
390
345
282
339
80
263
117
393
30
289
408
98
37
177
252
287
138
205
259
216
51
358
320
134
466
233
246
330
449
306
104
40
274
421
91
152
266
196
234
461
426
460
229
189
329
423
425
367
47
165
453
491
74
374
59
136
70
19
363
294
380
270
12
311
471
445
86
260
120
468
327
431
96
295
220
140
119
290
93
446
239
407
132
271
381
369
151
416
441
11
436
100
135
73
357
439
361
304
475
222
379
137
451
331
443
99
101
283
324
467
465
105
400
352
129
162
201
173
401
389
433
368
365
404
144
126
18
224
2
318
149
4
122
187
392
175
469
23
88
230
46
69
83
244
178
186
237
139
17
171
45
322
169
231
336
500
112
247
125
204
371
26
321
385
52
174
67
440
292
161
251
291
383
349
32
121
75
123
203
457
191
54
298
85
272
240
391
206
214
438
273
84
497
308
9
262
207
256
340
299
419
356
79
164
430
364
202
92
131
159
395
280
293
489
109
167
142
42
97
284
225
394
195
228
3
384
464
359
348
156
232
227
242
249
387
447
288
166
267
27
444
218
452
199
15
448
200
211
238
412
21
29
411
213
362
269
281
34
60
375
181
103
499
127
44
277
235
66
377
145
307
492
170
184
424
432
1
397
477
78
366
344
410
193
198
413
488
107
341
33
31
481
276
212
72
278
370
406
209
286
182
130
485
428
241
346
498
315
301
414
64
61
275
190
455
7
210
350
472
422
396
264
319
474
118
148
49
427
124
347
462
470
473
302
476
108
13
65
254
343
250
316
68
163
55
208
376
153
50
353
382
81
188
157
90
335
6
328
354
305
215
314
155
334
494
326
38
110
297
261
221
454
116
303
296
258
333
373
435
483
403
459
479
14
176
217
456
309
158
219
63
180
35
87
41
409
480
300
20
53
143
351
487
147
115
253
226
28
106
265
22
8
95
355
484
62
257
133
486
179
160
378
71
255
372
442
58
150
482
337
458
434
417
243
56
332
463
245
478
493
402
89
325
114
268
312
496
183
386
168
36
192
223
236
310
450
495
405
338
146
39
82
48
437
10
490
429
323
398
360
248
342
24
388